name: MS
channels:
  - pytorch
  - conda-forge
  - defaults
dependencies:
  - _libgcc_mutex=0.1=main
  - _openmp_mutex=4.5=1_gnu
  - blas=1.0=openblas
  - bzip2=1.0.8=h7b6447c_0
  - ca-certificates=2021.9.30=h06a4308_1
  - certifi=2021.5.30=py36h06a4308_0
  - cffi=1.14.0=py36h2e261b9_0
  - cudatoolkit=10.0.130=0
  - einops=0.3.2=pyhd8ed1ab_0
  - ffmpeg=4.2.2=h20bf706_0
  - freetype=2.10.4=h5ab3b9f_0
  - gmp=6.2.1=h2531618_2
  - gnutls=3.6.15=he1e5248_0
  - intel-openmp=2021.3.0=h06a4308_3350
  - joblib=1.0.1=pyhd3eb1b0_0
  - jpeg=9d=h7f8727e_0
  - lame=3.100=h7b6447c_0
  - lcms2=2.12=h3be6417_0
  - ld_impl_linux-64=2.35.1=h7274673_9
  - libedit=3.1.20210714=h7f8727e_0
  - libffi=3.2.1=hf484d3e_1007
  - libgcc-ng=9.3.0=h5101ec6_17
  - libgfortran-ng=7.5.0=ha8ba4b0_17
  - libgfortran4=7.5.0=ha8ba4b0_17
  - libgomp=9.3.0=h5101ec6_17
  - libidn2=2.3.2=h7f8727e_0
  - libopenblas=0.3.13=h4367d64_0
  - libopus=1.3.1=h7b6447c_0
  - libpng=1.6.37=hbc83047_0
  - libstdcxx-ng=9.3.0=hd4cf53a_17
  - libtasn1=4.16.0=h27cfd23_0
  - libtiff=4.2.0=h85742a9_0
  - libunistring=0.9.10=h27cfd23_0
  - libvpx=1.7.0=h439df22_0
  - libwebp-base=1.2.0=h27cfd23_0
  - lz4-c=1.9.3=h295c915_1
  - mkl=2021.3.0=h06a4308_520
  - ncurses=6.2=he6710b0_1
  - nettle=3.7.3=hbbd107a_1
  - ninja=1.10.2=hff7bd54_1
  - numpy=1.17.0=py36h99e49ec_0
  - numpy-base=1.17.0=py36h2f8d375_0
  - olefile=0.46=py36_0
  - openh264=2.1.0=hd408876_0
  - openjpeg=2.4.0=h3ad879b_0
  - openssl=1.1.1l=h7f8727e_0
  - pillow=8.3.1=py36h2c7a002_0
  - pip=21.0.1=py36h06a4308_0
  - pycparser=2.20=py_2
  - python=3.6.8=h0371630_0
  - pytorch=1.0.1=py3.6_cuda10.0.130_cudnn7.4.2_2
  - readline=7.0=h7b6447c_5
  - scikit-learn=0.24.2=py36ha9443f7_0
  - scipy=1.5.2=py36habc2bb6_0
  - setuptools=58.0.4=py36h06a4308_0
  - six=1.16.0=pyhd3eb1b0_0
  - sqlite=3.33.0=h62c20be_0
  - threadpoolctl=2.2.0=pyh0d69192_0
  - tk=8.6.11=h1ccaba5_0
  - torchvision=0.2.2=py_3
  - wheel=0.37.0=pyhd3eb1b0_1
  - x264=1!157.20191217=h7b6447c_0
  - xz=5.2.5=h7b6447c_0
  - zlib=1.2.11=h7b6447c_3
  - zstd=1.4.9=haebb681_0
  - pip:

